EM_X: [1.0, 1.1, 1.2000000000000002, 1.3000000000000003, 1.4000000000000004, 1.5000000000000004, 1.6000000000000005, 1.7000000000000006, 1.8000000000000007, 1.9000000000000008, 2.000000000000001, 2.100000000000001, 2.200000000000001, 2.300000000000001, 2.4000000000000012, 2.5000000000000013, 2.6000000000000014, 2.7000000000000015, 2.8000000000000016, 2.9000000000000017, 3.0000000000000018, 3.100000000000002, 3.200000000000002, 3.300000000000002, 3.400000000000002, 3.500000000000002, 3.6000000000000023, 3.7000000000000024, 3.8000000000000025, 3.9000000000000026, 4.000000000000003]
EM_Y: [3.0, 2.2, 1.8465785123966942, 1.6294895272302286, 1.4753069575789943, 1.356356459925457, 1.2597401890700524, 1.178561892857349, 1.1087422136579896, 1.0476712844990583, 0.9935725026413875, 0.9451752457088111, 0.901534224010792, 0.8619236280395645, 0.8257718203624083, 0.7926191956946211, 0.7620899089284774, 0.733872253289149, 0.7077046355481698, 0.6833652930385065, 0.6606645858996523, 0.639439107974579, 0.6195471117477362, 0.6008649021381233, 0.5832839575603136, 0.5667086056536791, 0.5510541280587271, 0.5362452012717924, 0.5222146037319896, 0.50890213594993, 0.49625371267277435]
---------------------------------------------------------------------------------------------------
