EM_X: [2.0, 2.1, 2.2, 2.3000000000000003, 2.4000000000000004, 2.5000000000000004, 2.6000000000000005, 2.7000000000000006, 2.8000000000000007, 2.900000000000001, 3.000000000000001, 3.100000000000001, 3.200000000000001, 3.300000000000001, 3.4000000000000012, 3.5000000000000013, 3.6000000000000014, 3.7000000000000015, 3.8000000000000016, 3.9000000000000017, 4.000000000000002, 4.100000000000001, 4.200000000000001, 4.300000000000001, 4.4, 4.5, 4.6, 4.699999999999999, 4.799999999999999, 4.899999999999999, 4.999999999999998, 5.099999999999998, 5.1999999999999975, 5.299999999999997, 5.399999999999997, 5.4999999999999964, 5.599999999999996, 5.699999999999996, 5.799999999999995, 5.899999999999995, 5.999999999999995, 6.099999999999994, 6.199999999999994, 6.299999999999994, 6.399999999999993, 6.499999999999993, 6.5999999999999925, 6.699999999999992, 6.799999999999992, 6.8999999999999915, 6.999999999999991, 7.099999999999991, 7.19999999999999, 7.29999999999999, 7.39999999999999, 7.499999999999989, 7.599999999999989, 7.699999999999989, 7.799999999999988, 7.899999999999988, 7.999999999999988, 8.099999999999987, 8.199999999999987, 8.299999999999986, 8.399999999999986, 8.499999999999986, 8.599999999999985, 8.699999999999985, 8.799999999999985, 8.899999999999984, 8.999999999999984, 9.099999999999984, 9.199999999999983, 9.299999999999983, 9.399999999999983, 9.499999999999982, 9.599999999999982, 9.699999999999982, 9.799999999999981, 9.89999999999998, 9.99999999999998]
EM_Y: [4.0, 2.3, 1.7521791383219953, 1.4481660868567245, 1.2510982091673972, 1.1118888886650133, 1.0077836430447409, 0.9266315442111493, 0.8613169400151144, 0.8073893417764255, 0.7619230007533244, 0.7229173459316296, 0.6889597916949248, 0.659025738747227, 0.6323547152042149, 0.6083708746504404, 0.5866303987726234, 0.5667857849722797, 0.5485610452354208, 0.5317341372454943, 0.5161242971639023, 0.5015827607225115, 0.48798586817064765, 0.47522987323175264, 0.46322698777911897, 0.4519023344973317, 0.44119157482473026, 0.4310390447456754, 0.42139627649022465, 0.41222081632380686, 0.4034752715763819, 0.39512653666749076, 0.387145160019071, 0.37950482270359986, 0.37218190634540055, 0.3651551328042246, 0.35840526196596123, 0.35191483686261077, 0.3456679675713702, 0.33965014706747154, 0.3338480935496751, 0.32824961481161635, 0.3228434910640782, 0.3176193732734228, 0.3125676946082168, 0.3076795930086939, 0.3029468432344624, 0.2983617970219829, 0.2939173302081396, 0.289606795860082, 0.2854239826025441, 0.2813630774584462, 0.2774186326217954, 0.2735855356677452, 0.26985898277634074, 0.266234454606538, 0.2627076945075979, 0.2592746887975914, 0.2559316488748583, 0.2526749949589402, 0.24950134128365992, 0.24640748258737966, 0.24339038176464564, 0.24044715855992257, 0.23757507919834747, 0.23477154686073892, 0.23203409292076968, 0.22936036887148997, 0.2267481388764774, 0.22419527288795754, 0.2216997402804296, 0.21925960395376656, 0.21687301486454036, 0.21453820694853937, 0.21225349240117083, 0.21001725728573897, 0.20782795744251664, 0.2056841146741287, 0.20358431318508205, 0.20152719625534363, 0.19951146312971452]
---------------------------------------------------------------------------------------------------
