EM_X: [1.0, 1.1, 1.2000000000000002, 1.3000000000000003, 1.4000000000000004, 1.5000000000000004, 1.6000000000000005, 1.7000000000000006, 1.8000000000000007, 1.9000000000000008, 2.000000000000001, 2.100000000000001, 2.200000000000001, 2.300000000000001, 2.4000000000000012, 2.5000000000000013, 2.6000000000000014, 2.7000000000000015, 2.8000000000000016, 2.9000000000000017, 3.0000000000000018, 3.100000000000002, 3.200000000000002, 3.300000000000002, 3.400000000000002, 3.500000000000002, 3.6000000000000023, 3.7000000000000024, 3.8000000000000025, 3.9000000000000026, 4.000000000000003]
EM_Y: [3.0, 2.2, 1.8465785123966942, 1.6294895272302286, 1.4753069575789943, 1.356356459925457, 1.2597401890700524, 1.178561892857349, 1.1087422136579896, 1.0476712844990583, 0.9935725026413875, 0.9451752457088111, 0.901534224010792, 0.8619236280395645, 0.8257718203624083, 0.7926191956946211, 0.7620899089284774, 0.733872253289149, 0.7077046355481698, 0.6833652930385065, 0.6606645858996523, 0.639439107974579, 0.6195471117477362, 0.6008649021381233, 0.5832839575603136, 0.5667086056536791, 0.5510541280587271, 0.5362452012717924, 0.5222146037319896, 0.50890213594993, 0.49625371267277435]
---------------------------------------------------------------------------------------------------
IEM_X: [1.0, 1.1, 1.2000000000000002, 1.3000000000000003, 1.4000000000000004, 1.5000000000000004, 1.6000000000000005, 1.7000000000000006, 1.8000000000000007, 1.9000000000000008, 2.000000000000001, 2.100000000000001, 2.200000000000001, 2.300000000000001, 2.4000000000000012, 2.5000000000000013, 2.6000000000000014, 2.7000000000000015, 2.8000000000000016, 2.9000000000000017, 3.0000000000000018, 3.100000000000002, 3.200000000000002, 3.300000000000002, 3.400000000000002, 3.500000000000002, 3.6000000000000023, 3.7000000000000024, 3.8000000000000025, 3.9000000000000026, 4.000000000000003]
IEM_Y: [3.0, 2.4391927437641723, 2.0683855072557384, 1.8080772122398883, 1.6153495525116537, 1.4662800766208717, 1.3468660388370306, 1.24849688370658, 1.165632474260873, 1.094561085150155, 1.0327054040562373, 0.9782184952798555, 0.9297395711544683, 0.8862412438828754, 0.8469309943311699, 0.8111858059331435, 0.7785076797953412, 0.748492648124967, 0.7208087268758994, 0.6951799213178463, 0.6713744148785057, 0.6491957042186585, 0.6284758458294266, 0.6090702405514705, 0.5908535551008373, 0.5737164959173823, 0.5575632301818635, 0.542309304110051, 0.527879947590199, 0.5142086820692094, 0.5012361687413672]
---------------------------------------------------------------------------------------------------
RKM_X: [1.0, 1.1, 1.2000000000000002, 1.3000000000000003, 1.4000000000000004, 1.5000000000000004, 1.6000000000000005, 1.7000000000000006, 1.8000000000000007, 1.9000000000000008, 2.000000000000001, 2.100000000000001, 2.200000000000001, 2.300000000000001, 2.4000000000000012, 2.5000000000000013, 2.6000000000000014, 2.7000000000000015, 2.8000000000000016, 2.9000000000000017, 3.0000000000000018, 3.100000000000002, 3.200000000000002, 3.300000000000002, 3.400000000000002, 3.500000000000002, 3.6000000000000023, 3.7000000000000024, 3.8000000000000025, 3.9000000000000026, 4.000000000000003]
RKM_Y: [3.0, 2.393911159258253, 2.022852854043567, 1.7704295077505816, 1.5856972053027714, 1.4431716048444776, 1.3288120852596785, 1.2342851016828378, 1.1543391696942114, 1.0854970073402643, 1.025358177201058, 0.9722058514827757, 0.9247743161190815, 0.8821057746010252, 0.843458936842996, 0.8082487856605266, 0.7760057478787593, 0.746347306964661, 0.7189578093256291, 0.6935737994736334, 0.669973169404399, 0.6479669930447939, 0.6273932862105902, 0.6081121710286661, 0.5900020808721961, 0.5729567473001639, 0.5568827825191631, 0.541697720896111, 0.5273284183075746, 0.5137097333233266, 0.5007834324917565]
---------------------------------------------------------------------------------------------------
